test finish!
0.8322608094453012
18803 18803
预测高糖发生次数(每天) [0, 0, 0, 0, 0, 0, 0, 0, 0, 0, 0, 0, 0, 0, 0, 0, 0, 0, 0, 0, 0, 0, 0, 0, 0, 0, 0, 0, 0, 0, 0, 0, 0, 0, 0, 0, 0, 0, 0, 0, 0, 0, 0, 0, 0, 0, 0, 0, 0, 0, 0, 0, 0, 0, 0, 0, 0, 0, 0, 0, 0, 0, 0]
实际高糖发生次数(每天) [2, 68, 73, 117, 27, 89, 112, 18, 48, 68, 64, 42, 40, 57, 57, 54, 76, 113, 58, 19, 16, 0, 91, 96, 24, 59, 83, 17, 0, 38, 17, 27, 49, 46, 49, 101, 8, 3, 17, 0, 11, 23, 13, 38, 27, 10, 8, 141, 125, 101, 60, 109, 95, 43, 29, 52, 21, 0, 21, 37, 26, 45, 27]
累计金标差异天数： 3005





test finish!
0.6931992127706101
18292 18292
预测高糖发生次数(每天) [50, 55, 63, 53, 58, 68, 115, 82, 2, 13, 38, 40, 37, 19, 23, 9, 20, 76, 96, 271, 228, 103, 141, 167, 273, 260, 21, 87, 111, 137, 130, 219, 80, 111, 114, 13, 47, 44, 56, 116, 87, 134, 80, 101, 41, 0, 51, 94, 87, 74, 29]
实际高糖发生次数(每天) [19, 16, 0, 91, 96, 24, 59, 83, 17, 3, 17, 0, 11, 23, 13, 38, 27, 72, 122, 165, 119, 58, 137, 169, 97, 97, 14, 118, 109, 60, 187, 108, 92, 34, 114, 19, 49, 24, 8, 26, 11, 15, 18, 21, 30, 0, 3, 10, 8, 0, 7]
累计金标差异天数： 2302




test finish!
0.8138070732508486
18266 18266
预测高糖发生次数(每天) [0, 0, 0, 0, 0, 0, 0, 0, 0, 0, 0, 0, 0, 0, 0, 0, 0, 0, 0, 0, 0, 0, 0, 0, 0, 0, 0, 0, 0, 0, 0, 0, 0, 0, 0, 0, 0, 0, 0, 0, 0, 0, 0, 0, 0, 0, 0, 0, 0, 0, 0, 0, 0, 0, 0, 0, 0, 0, 0, 0, 0, 0, 0, 0, 0, 0, 0, 0, 0]
实际高糖发生次数(每天) [72, 106, 148, 86, 41, 104, 128, 95, 144, 3, 17, 0, 11, 23, 13, 38, 27, 19, 21, 0, 78, 13, 49, 5, 62, 19, 8, 0, 13, 0, 5, 13, 1, 33, 19, 16, 0, 91, 96, 24, 59, 83, 17, 0, 38, 17, 27, 49, 46, 49, 101, 8, 67, 61, 76, 74, 59, 94, 105, 55, 28, 2, 68, 73, 117, 27, 89, 112, 18]
累计金标差异天数： 3260





test finish!
0.8216844044207942
19544 19544
预测高糖发生次数(每天) [0, 0, 0, 0, 0, 0, 0, 0, 0, 0, 0, 0, 0, 0, 2, 0, 0, 0, 0, 0, 0, 0, 0, 0, 0, 0, 0, 0, 0, 0, 0, 0, 0, 0, 0, 0, 0, 0, 0, 0, 0, 0, 0, 0, 0, 0, 0, 0, 0, 0, 0, 0, 0, 0, 0, 0, 0, 0, 0, 0, 0, 0, 0]
实际高糖发生次数(每天) [2, 68, 73, 117, 27, 89, 112, 18, 110, 153, 73, 61, 79, 84, 67, 94, 112, 55, 28, 158, 24, 8, 26, 11, 15, 18, 21, 30, 48, 68, 64, 42, 40, 57, 57, 54, 76, 113, 58, 3, 17, 0, 11, 23, 13, 38, 27, 72, 106, 13, 0, 8, 37, 21, 32, 26, 59, 26, 13, 148, 86, 41, 104]
累计金标差异天数： 3332







test finish!
0.8016342965419233
16888 16888
预测高糖发生次数(每天) [0, 0, 0, 0, 0, 0, 0, 0, 0, 0, 0, 0, 0, 0, 0, 0, 0, 0, 0, 0, 0, 0, 0, 0, 0, 0, 0, 0, 0, 0, 0, 0, 0, 0, 0, 0, 0, 0, 0, 0, 0, 0, 0, 0, 0, 0, 0, 0, 0, 0, 0, 0, 0, 0, 0, 0, 0, 0, 0, 0, 0, 0, 0, 0, 0, 0]
实际高糖发生次数(每天) [0, 38, 17, 27, 49, 46, 49, 101, 8, 49, 99, 88, 60, 109, 95, 43, 29, 52, 72, 106, 148, 86, 41, 104, 131, 96, 105, 3, 17, 0, 11, 23, 13, 38, 27, 48, 68, 64, 42, 40, 57, 57, 54, 76, 113, 58, 32, 0, 31, 46, 8, 0, 19, 16, 0, 91, 96, 24, 59, 83, 17, 1, 1, 0, 13, 0]
累计金标差异天数： 3194





























